32
112
62
4
4
5
5
15
28
8
30
124
124
60
40
60
40
60
26
26
14
8
28
40
62
60
62
122
30
10
30
52
52
28
4
14
4
60
96
96
112
118
126
28
8
15
28
28
12
12
60
14
4
30
8
8
108
108
60
127
57
57
47
60
40
120
96
96
32
32
48
50
119
62
48
48
16
16
18
18
30
56
80
124
80
80
124
28
56
31
18
23
22
118
126
122
58
58
63
62
4
4
4
110
111
58
15
56
56
42
47
58
30
24
24
16
16
20
20
60
127
56
26
10
10
62
14
124
16
16
20
20
28
8
28
8
60
48
48
16
16
16
16
16
16
112
16
59
19
30
4
4
4
4
4
4
28
8
28
8
30
6
6
4
4
4
4
52
52
30
7
2
30
4
4
5
5
15
28
8
30
4
4
4
4
28
28
28
8
124
104
60
4
4
29
29
15
28
8
121
97
103
34
39
34
34
122
14
2
55
50
30
44
44
104
104
124
78
125
65
71
116
126
124
48
48
16
16
26
31
58
30
24
24
8
8
9
9
15
28
8
60
6
6
18
18
30
24
29
9
127
66
71
114
118
126
36
36
60
48
56
31
24
24
16
16
16
16
16
16
120
28
8
60
4
4
4
28
60
116
60
120
24
24
8
8
12
12
28
8
28
8
60
8
8
15
15
30
7
2
30
4
4
4
4
28
28
28
4
14
124
24
24
16
17
17
31
28
8
60
24
24
16
16
16
16
18
23
114
30
70
70
66
98
126
111
77
77
103
127
56
24
10
10
58
126
30
20
20
20
28
8
124
104
60
4
4
4
4
4
4
28
8
124
104
60
8
11
63
14
5
31
31
60
46
36
62
48
48
16
16
26
31
58
30
22
22
20
20
92
72
92
72
120
16
16
120
120
56
32
112
32
60
16
16
27
27
57
17
57
17
61
49
63
28
8
60
48
49
17
63
31
88
88
80
80
112
16
56
16
120
66
66
66
98
118
38
122
18
30
24
27
63
14
4
60
6
6
2
2
14
8
28
8
60
16
17
21
21
127
103
62
11
11
57
9
29
41
47
60
60
120
28
8
60
60
60
60
48
56
16
30
8
8
60
60
28
8
28
8
60
44
44
36
36
60
112
62
24
24
16
17
17
31
28
8
120
120
120
120
24
56
80
112
127
97
113
39
60
24
24
8
8
56
8
28
8
30
24
24
16
48
50
50
62
56
20
124
30
30
14
8
28
8
120
32
35
35
33
33
119
62
24
24
18
18
30
24
28
8
15
24
24
16
16
20
20
28
8
28
8
120
8
8
24
30
126
28
8
15
24
24
16
16
16
16
16
16
120
28
8
30
24
24
16
16
20
20
28
8
28
8
124
116
116
124
112
62
6
6
4
4
30
7
62
28
28
60
36
46
36
60
120
120
112
113
121
29
9
121
49
63
28
8
15
24
24
8
8
12
12
30
7
2
15
24
24
16
16
16
52
116
60
60
48
48
16
16
112
32
112
32
60
24
24
8
24
24
120
120
24
26
26
26
122
26
63
50
62
48
54
126
28
8
15
4
4
5
5
7
2
55
50
30
4
4
108
110
63
62
24
24
16
17
17
31
28
8
30
24
24
8
8
42
122
62
31
22
22
18
23
114
30
4
4
4
4
52
52
28
8
28
8
30
48
48
18
18
30
24
28
8
15
1
7
7
3
7
18
31
115
19
18
18
62
127
56
24
16
16
20
20
28
8
28
8
60
6
6
4
4
4
4
4
4
28
16
56
31
60
60
62
39
62
8
8
10
10
14
2
55
50
30
60
60
60
48
120
95
88
124
116
60
120
8
8
60
60
28
4
14
124
60
60
62
39
62
8
8
60
60
30
7
62
24
24
16
16
20
20
30
7
2
15
24
24
16
16
112
16
24
26
31
122
127
120
28
8
60
6
6
4
4
5
5
7
2
7
2
30
24
24
16
16
16
16
18
23
115
121
15
124
104
60
24
24
16
16
80
80
80
80
112
32
112
47
56
56
44
124
60
60
16
16
116
116
60
112
32
120
24
24
8
8
12
12
28
8
28
8
60
6
6
4
4
60
40
60
40
120
28
28
28
8
28
8
62
38
46
42
63
62
24
24
72
72
120
96
112
32
120
96
96
32
32
48
49
113
17
57
31
104
104
44
124
60
60
4
4
4
4
52
52
28
8
28
72
94
80
80
112
32
124
44
60
6
6
4
4
92
72
92
72
120
24
24
16
16
16
16
16
16
120
28
8
15
8
8
10
10
62
56
28
8
30
48
48
32
32
32
36
100
124
40
60
56
63
120
28
8
15
98
98
46
34
39
34
63
19
18
122
30
10
30
100
100
60
40
60
40
60
28
28
60
47
36
52
60
20
28
28
28
4
14
124
24
24
16
16
16
16
16
20
126
124
56
56
48
48
120
28
8
120
16
16
16
16
16
22
126
28
8
15
4
6
126
114
58
95
92
92
124
112
62
48
48
36
116
62
62
6
6
54
54
30
56
17
121
111
124
104
111
124
124
120
28
8
15
2
2
15
47
119
62
16
16
16
16
16
16
112
16
62
22
30
8
8
12
12
28
4
110
100
94
112
112
100
116
60
120
14
14
46
40
60
40
60
24
24
8
8
10
42
126
62
28
28
20
20
28
4
14
124
32
32
48
48
112
44
124
62
2
2
2
114
114
119
62
6
6
12
12
60
12
28
8
60
48
52
20
20
124
28
8
60
16
16
16
16
16
16
120
28
15
127
30
30
46
127
60
28
24
24
56
16
56
16
16
31
120
120
56
8
28
8
15
6
6
4
4
5
37
119
62
4
4
4
4
4
4
28
8
28
8
15
6
6
28
28
28
80
120
95
66
106
106
58
18
58
19
63
7
2
7
6
4
4
100
100
124
126
103
62
4
4
28
8
28
8
30
54
54
18
18
30
24
28
8
30
4
36
62
55
50
118
118
124
20
20
124
28
8
30
24
24
16
16
20
20
28
8
28
40
62
60
60
120
28
8
30
8
8
12
12
28
4
110
100
62
26
26
10
10
63
62
24
24
16
16
16
16
16
16
120
28
8
30
16
16
16
28
30
58
30
30
13
77
71
68
78
124
28
28
28
16
56
16
30
16
22
30
26
127
126
78
78
78
72
92
72
120
32
32
32
45
45
119
62
26
26
30
56
16
30
28
28
20
20
28
8
28
8
30
38
38
42
47
58
30
48
48
52
52
63
115
62
56
60
62
52
127
28
28
60
36
46
36
60
4
4
126
103
126
80
80
80
113
113
63
31
24
24
8
8
12
12
28
16
56
16
30
4
4
60
60
60
14
4
60
48
49
17
23
18
23
62
19
19
18
18
30
56
31
4
4
4
4
4
14
7
115
114
114
122
18
18
18
30
116
126
116
31
56
18
122
14
98
103
66
94
88
88
120
28
60
20
124
28
28
63
115
62
24
24
8
8
56
8
28
8
62
51
51
19
19
119
62
52
52
28
4
14
4
15
8
24
31
31
31
28
8
15
8
8
12
12
28
52
62
124
28
28
60
40
60
40
60
24
24
16
16
20
20
28
8
28
8
60
28
28
20
20
28
8
28
8
30
28
28
12
12
60
14
4
60
6
6
4
4
12
14
63
62
16
16
20
20
124
112
56
20
124
60
60
60
14
124
112
112
120
28
8
30
8
8
12
12
28
16
56
16
120
32
38
38
46
46
126
62
5
5
5
63
63
58
30
4
4
4
4
52
52
28
16
56
31
4
4
29
29
15
28
8
30
24
24
16
16
20
20
28
8
28
8
30
24
24
16
18
122
30
10
15
24
24
16
16
20
20
30
7
62
6
6
4
4
4
22
23
114
30
44
46
55
50
127
28
28
28
16
56
16
30
56
56
40
40
56
16
56
31
24
24
8
8
9
41
47
60
40
60
24
24
16
16
16
16
16
16
127
40
120
56
30
126
28
8
60
28
28
28
8
28
8
60
24
24
16
16
20
20
92
80
120
81
95
71
116
126
124
28
28
92
72
92
72
121
65
71
116
126
124
16
16
20
20
28
8
124
104
60
4
4
28
4
62
52
30
24
24
80
80
80
114
114
46
60
24
24
16
16
24
24
60
14
4
60
8
8
60
60
28
4
14
124
24
24
16
16
24
24
56
8
28
8
15
28
28
20
20
28
50
55
34
62
42
47
58
30
48
48
16
16
20
20
28
8
28
8
15
24
26
18
18
114
22
62
19
63
31
57
31
4
20
20
124
31
11
30
56
56
40
40
56
8
28
8
60
8
8
9
9
15
124
104
60
13
13
15
92
72
124
76
76
72
74
127
126
92
92
124
112
62
24
24
16
16
16
16
16
20
126
124
48
48
16
17
17
31
28
8
60
7
7
5
5
15
28
8
120
16
16
122
127
58
15
24
24
8
8
12
12
60
112
62
24
24
16
16
16
16
16
16
112
16
56
16
30
4
4
4
4
4
4
30
55
50
30
2
106
106
62
14
4
60
28
28
28
8
28
8
30
24
24
8
8
9
9
15
28
8
15
56
56
40
40
56
8
28
8
60
10
10
62
62
30
7
6
124
52
52
20
30
116
60
16
20
116
23
63
31
4
4
101
101
111
124
40
62
48
48
120
28
8
60
16
16
16
16
16
16
124
28
56
16
30
6
6
4
4
4
4
4
4
28
4
14
4
61
49
63
28
8
15
6
86
82
82
94
116
126
116
47
113
33
61
107
111
58
15
24
24
16
16
48
48
48
48
120
28
8
30
4
100
102
38
126
62
38
38
36
36
60
112
62
8
8
108
108
60
112
32
60
6
70
68
68
124
112
48
16
16
16
112
127
120
28
8
127
71
71
68
78
124
16
30
30
30
120
24
28
30
20
20
20
30
7
62
4
4
4
4
52
52
60
112
62
6
6
4
4
28
8
28
8
60
28
28
28
8
28
8
15
22
22
26
31
58
15
51
51
58
63
58
15
38
38
42
47
59
61
7
2
31
27
61
15
106
111
106
111
97
97
63
60
46
36
60
56
56
44
124
60
60
4
4
100
100
36
116
60
47
35
35
33
33
119
62
16
16
20
20
126
103
62
4
4
30
30
30
56
16
30
18
18
30
24
124
104
120
48
48
16
17
17
31
28
8
60
7
39
39
36
46
124
28
28
12
12
60
14
4
60
16
16
120
120
60
15
5
7
124
14
68
68
92
92
124
28
28
28
8
28
8
30
24
24
16
17
17
31
28
8
60
38
38
50
55
114
30
112
112
112
32
112
32
120
28
28
13
13
15
12
14
4
15
24
24
16
16
26
31
58
30
4
4
5
5
15
28
8
15
24
24
16
17
17
31
124
104
60
4
4
5
5
7
2
31
26
30
48
52
36
60
36
46
124
28
60
60
36
46
124
16
23
23
23
52
62
36
62
40
42
63
62
98
98
46
36
46
36
60
4
4
4
4
28
28
60
112
62
48
48
32
32
42
47
58
15
1
49
63
28
8
30
16
16
20
20
28
8
28
8
30
6
6
2
2
3
35
39
34
39
50
63
28
28
28
8
28
8
30
48
49
97
111
124
108
124
30
30
30
56
80
124
92
94
119
62
56
57
57
17
57
31
56
56
48
48
112
16
56
16
30
48
48
32
32
48
50
119
62
56
56
44
124
60
120
64
92
92
124
112
62
24
24
16
16
20
20
30
7
2
30
14
14
44
124
60
48
48
16
31
18
18
30
56
18
122
14
4
110
100
60
52
52
29
9
29
9
15
24
24
8
8
12
12
28
8
28
8
60
4
4
68
68
68
68
124
118
62
20
124
28
4
14
4
47
33
33
39
98
103
62
52
52
22
62
62
62
48
54
126
28
8
30
6
6
4
4
4
4
4
4
28
8
28
8
30
24
24
8
8
12
13
29
17
57
31
70
70
68
68
124
104
60
120
47
98
102
38
62
47
33
33
119
62
4
52
53
37
119
62
24
24
16
16
16
16
16
16
120
28
8
60
24
24
16
16
120
28
8
60
16
16
22
22
30
10
31
11
15
25
25
15
28
8
30
88
88
80
80
112
32
113
63
5
5
5
5
15
28
8
30
124
124
60
40
60
40
60
26
26
14
8
28
40
62
60
62
122
30
10
30
52
52
28
4
14
4
60
96
96
112
118
126
28
8
15
28
28
12
12
60
14
4
30
8
8
108
108
60
127
57
57
47
60
40
120
96
96
32
32
48
50
119
62
48
48
16
16
18
18
30
56
80
124
80
80
124
28
56
31
18
23
22
118
126
122
58
58
63
62
4
4
4
110
111
58
15
56
56
42
47
58
30
24
24
16
16
20
20
60
127
56
26
10
10
62
14
124
16
16
20
20
28
8
28
8
60
48
48
16
16
16
16
16
16
112
16
59
19
30
4
4
4
4
4
4
28
8
28
8
30
6
6
4
4
4
4
52
52
30
7
2
30
4
4
5
5
15
28
8
30
4
4
4
4
28
28
28
8
124
104
60
4
4
29
29
15
28
8
121
97
103
34
39
34
34
122
14
2
55
50
30
44
44
104
104
124
78
125
65
71
116
126
124
48
48
16
16
26
31
59
61
15
10
63
58
30
6
6
36
36
60
48
60
20
126
102
110
120
24
24
20
31
21
31
28
8
30
48
48
16
16
16
16
16
18
119
62
6
6
4
4
28
8
28
8
30
4
4
29
29
15
28
8
60
48
48
16
16
20
20
92
70
70
100
116
36
124
36
116
60
60
4
28
61
117
39
60
4
4
6
102
126
56
31
8
8
60
60
28
8
28
14
6
4
124
60
40
60
40
60
4
4
5
5
15
28
8
30
16
16
20
20
28
8
124
110
126
38
38
42
47
58
122
66
78
116
126
124
24
24
9
9
15
12
46
36
47
58
58
126
62
77
77
71
66
127
27
25
15
28
8
15
24
24
16
16
20
20
92
80
126
86
124
36
62
39
34
47
35
55
62
116
30
56
60
60
36
116
62
22
22
20
20
28
8
28
8
30
14
14
12
12
30
7
2
30
